# Created by Octave 10.1.0, Sat Nov 29 14:31:19 2025 UTC <unknown@LAPTOP-GE9NNB0R>
# name: result
# type: scalar struct
# ndims: 2
 1 1
# length: 5
# name: status
# type: sq_string
# elements: 1
# length: 15
FAULT CONFIRMED


# name: type
# type: sq_string
# elements: 1
# length: 31
Single Line-to-Ground (Phase A)


# name: location
# type: scalar
5.0300000000000002


# name: closest_unit
# type: scalar
2


# name: measured_amps
# type: scalar
1761.0735535792314




