# Created by Octave 10.1.0, Sun Dec 14 13:28:27 2025 UTC <unknown@LAPTOP-GE9NNB0R>
# name: data_SLG
# type: matrix
# rows: 100
# columns: 4
 0.01 10880.449485933452 0.15957992579398791 0.15957992579398791
 0.02 10773.72635050501 0.15801465314109125 0.1580146531408981
 0.029999999999999999 10668.973895289848 0.15647828379756823 0.15647828379756823
 0.040000000000000001 10566.14109266422 0.15497006935915852 0.15497006935915852
 0.050000000000000003 10465.178537665724 0.15348928521917643 0.15348928521922139
 0.060000000000000005 10366.03839047873 0.1520352297270699 0.1520352297270699
 0.069999999999999993 10268.674320922673 0.15060722337342741 0.15060722337342741
 0.080000000000000002 10173.041454897937 0.14920460800543561 0.14920460800543561
 0.089999999999999997 10079.096322741194 0.14782674606710153 0.14782674606710153
 0.099999999999999992 9986.7968094397893 0.1464730198715512 0.1464730198717438
 0.11 9896.1021066533231 0.1451428308977985 0.14514283089760599
 0.12 9806.9726664894388 0.14383559910868005 0.14383559910868005
 0.13 9719.3701569802688 0.14255076230266583 0.14255076230247346
 0.14000000000000001 9633.2574192057782 0.14128777548193974 0.14128777548193974
 0.15000000000000002 9548.5984260103687 0.14004611024821334 0.14004611024821334
 0.16 9465.3582422593827 0.13882525421982198 0.13882525422001415
 0.17000000000000001 9383.5029865828456 0.13762471047042776 0.13762471047023564
 0.18000000000000002 9302.9997945545383 0.13644399698721404 0.136443996987022
 0.19 9223.8167832553554 0.1352826461545007 0.1352826461545007
 0.20000000000000001 9145.923017171006 0.13414020425232812 0.13414020425213619
 0.21000000000000002 9069.2884753753042 0.13301623097202636 0.13301623097202636
 0.22 8993.8840199514252 0.13191029895946432 0.13191029895946432
 0.23000000000000001 8919.6813656048143 0.13082199336239139 0.13082199336219966
 0.24000000000000002 8846.6530504228322 0.12975091140621986 0.12975091140621986
 0.25 8774.7724077374405 0.12869666198039023 0.12869666198039023
 0.26000000000000001 8704.0135390487048 0.1276588652397507 0.12765886523949441
 0.27000000000000002 8634.3512879681621 0.12663715222336525 0.1266371522235567
 0.28000000000000003 8565.7612151426019 0.12563116448905803 0.12563116448905803
 0.29000000000000004 8498.2195741199903 0.12464055375405231 0.12464055375405231
 0.29999999999999999 8431.7032881207851 0.12366498155909168 0.12366498155928293
 0.31 8366.1899276790555 0.12270411893914239 0.1227041189393336
 0.32000000000000001 8301.6576891192581 0.1217576461072714 0.1217576461072714
 0.33000000000000002 8238.0853738357018 0.12082525215001688 0.1208252521498258
 0.34000000000000002 8175.4523683429315 0.11990663473562385 0.11990663473581487
 0.35000000000000003 8113.7386250666805 0.11900149983423632 0.11900149983423632
 0.36000000000000004 8052.9246438459177 0.11810956144318659 0.11810956144318659
 0.37 7992.9914541179187 0.1172305413271828 0.1172305413271828
 0.38 7933.9205977592428 0.11636416876736545 0.11636416876736545
 0.39000000000000001 7875.69411255663 0.11551018031752561 0.11551018031752561
 0.40000000000000002 7818.2945162828519 0.11466831957211671 0.11466831957221202
 0.41000000000000003 7761.7047913535826 0.11383833694000002 0.11383833694000002
 0.42000000000000004 7705.9083700422234 0.11301998942760404 0.11301998942750879
 0.42999999999999999 7650.8891202307059 0.11221304043015715 0.11221304043008078
 0.44 7596.6313316750311 0.11141725953133688 0.11141725953143208
 0.45000000000000001 7543.1197027653006 0.11063242230737946 0.11063242230737946
 0.46000000000000002 7490.3393277606938 0.10985831014074555 0.10985831014074555
 0.47000000000000003 7438.2756844807973 0.1090947100390995 0.1090947100390995
 0.48000000000000004 7386.9146224353108 0.10834141446273292 0.10834141446263783
 0.48999999999999999 7336.2423513749882 0.10759822115349738 0.10759822115349738
 0.5 7286.2454302473434 0.10686493297717581 0.10686493297717581
 0.51000000000000001 7236.9107565413287 0.10614135776270218 0.10614135776270218
 0.52000000000000002 7188.2255560058702 0.10542730815488743 0.10542730815488743
 0.53000000000000003 7140.1773727277123 0.10472260146679306 0.10472260146679306
 0.54000000000000004 7092.7540595547043 0.10402705954014187 0.10402705954014187
 0.55000000000000004 7045.9437688511543 0.10334050860991892 0.10334050860991892
 0.56000000000000005 6999.7349435724764 0.10266277917243759 0.10266277917243759
 0.57000000000000006 6954.1163086468887 0.10199370586027318 0.10199370586027318
 0.58000000000000007 6909.0768626523641 0.10133312731908911 0.10133312731908911
 0.58999999999999997 6864.605869777607 0.10068088609001737 0.10068088609006967
 0.59999999999999998 6820.6928520562151 0.10003682849701202 0.10003682849701202
 0.60999999999999999 6777.3275818636657 0.099400804534038587 0.099400804534038587
 0.62 6734.5000746672131 0.098772667761963209 0.098772667761963209
 0.63 6692.2005820191162 0.098152275203056985 0.098152275203056985
 0.64000000000000001 6650.4195847840901 0.097539487243522585 0.097539487243522585
 0.65000000000000002 6609.1477865921979 0.096934167536499652 0.096934167536550403
 0.66000000000000003 6568.3761075087605 0.09633618291027779 0.096336182910233714
 0.67000000000000004 6528.0956779132066 0.095745403276203581 0.095745403276247878
 0.68000000000000005 6488.2978325791537 0.095161701544672961 0.095161701544717467
 0.69000000000000006 6448.9741049482291 0.094584953539174232 0.094584953539313468
 0.70000000000000007 6410.1162215905415 0.094015037916828872 0.094015037916873809
 0.71000000000000008 6371.7160968449425 0.093451836087178455 0.093451836087223586
 0.71999999999999997 6333.765827632501 0.09289523213877586 0.092895232138821199
 0.72999999999999998 6296.2576884368846 0.092345112763787152 0.092345112763832699
 0.73999999999999999 6259.1841264456025 0.091801367187948235 0.09180136718790248
 0.75 6222.53775684627 0.091263887100235405 0.091263887100329774
 0.76000000000000001 6186.3113582723308 0.090732566588133598 0.090732566588274069
 0.77000000000000002 6150.4978683928639 0.090207302069823234 0.090207302069963885
 0.78000000000000003 6115.0903796413259 0.089687992234982347 0.089687992234888048
 0.79000000000000004 6080.0821350782699 0.089174537981298499 0.089174537981298499
 0.80000000000000004 6045.4665243833006 0.088666842357617029 0.088666842357570136
 0.81000000000000005 6011.2370799716819 0.088164810506366389 0.088164810506319302
 0.82000000000000006 5977.3874732312242 0.087668349607722865 0.087668349607628662
 0.83000000000000007 5943.911510875203 0.08717736882625883 0.087177368826306278
 0.84000000000000008 5910.8031314072796 0.08669177926077605 0.086691779260823651
 0.84999999999999998 5878.0564016945036 0.086211493891723445 0.086211493891723445
 0.85999999999999999 5845.6655136446643 0.085736427533642648 0.085736427533642648
 0.87 5813.6247809843799 0.085266496787792731 0.085266496787792731
 0.88 5781.9286361344257 0.084801619996745056 0.084801619996602684
 0.89000000000000001 5750.5716271790361 0.084341717198694516 0.084341717198694516
 0.90000000000000002 5719.5484149258891 0.083886710085399885 0.083886710085493907
 0.91000000000000003 5688.8537700537481 0.083436521960759236 0.083436521960808044
 0.92000000000000004 5658.4825703447623 0.08299107769849802 0.08299107769849802
 0.93000000000000005 5628.4297979985586 0.082550303703888703 0.082550303703933528
 0.94000000000000006 5598.6905370254108 0.082114127876412313 0.082114127876363019
 0.95000000000000007 5569.259970715786 0.081682479570583583 0.081682479570583583
 0.96000000000000008 5540.1333791837687 0.081255289561455279 0.08125528956140568
 0.96999999999999997 5511.3061369818561 0.080832490009172892 0.080832490009172892
 0.97999999999999998 5482.7737107848097 0.080414014424982111 0.080414014425032029
 0.98999999999999999 5454.5316571402545 0.079999797638430695 0.079999797638286796
 1 5426.5756202838338 0.07958977576421053 0.07958977576421053


