# Created by Octave 10.1.0, Sun Dec 14 17:50:15 2025 UTC <unknown@LAPTOP-GE9NNB0R>
# name: result
# type: scalar struct
# ndims: 2
 1 1
# length: 5
# name: status
# type: sq_string
# elements: 1
# length: 15
FAULT CONFIRMED


# name: type
# type: sq_string
# elements: 1
# length: 31
Single Line-to-Ground (Phase A)


# name: location
# type: scalar
8.0800000000000001


# name: closest_unit
# type: scalar
3


# name: measured_amps
# type: scalar
1163.6874730639781




