# Created by Octave 10.1.0, Sun Dec 14 12:25:42 2025 UTC <unknown@LAPTOP-GE9NNB0R>
# name: result
# type: scalar struct
# ndims: 2
 1 1
# length: 5
# name: status
# type: sq_string
# elements: 1
# length: 15
FAULT CONFIRMED


# name: type
# type: sq_string
# elements: 1
# length: 31
Single Line-to-Ground (Phase A)


# name: location
# type: scalar
8.0399999999999991


# name: closest_unit
# type: scalar
3


# name: measured_amps
# type: scalar
1168.9365142575143




